# problems-cumulativesum

Question:

Given a number N and array of N integers, print the cumulative sum of every elements of the array. Input Size : |N| <= 1000000

Input Description:

The first line contains an integer N. The second line contains N space-separated integers, which denotes array elements.

Output Description:

Print the cumulative sum of the every elements of the array separated by a space.

Hints:

Find the cumulative sum of every elements of the array and print each resultant value separated by a space

Sample Input:

7
1 4 6 2 9 6 2

Sample Output:

1 5 11 13 22 28 30

Explanation:

From the given array, the cumulative sum of every elements of the array is the ouput

Testcase 1:

Input:

40
34 56 78 67 22 43 54 66 23 45 68 11 25 45 55 67 11 73 67 34 56 78 87 67 23 45 68 11 25 45 55 67 11 73 67 34 56 78 67 22

Output:

34 90 168 235 257 300 354 420 443 488 556 567 592 637 692 759 770 843 910 944 1000 1078 1165 1232 1255 1300 1368 1379 1404 1449 1504 1571 1582 1655 1722 1756 1812 1890 1957 1979

Testcase 2:

31
93 78 66 45 78 93 22 6 45 23 56 79 99 54 51 6 12 34 3 43 2 5 34 78 66 45 78 93 22 6 12

Output:

93 171 237 282 360 453 475 481 526 549 605 684 783 837 888 894 906 940 943 986 988 993 1027 1105 1171 1216 1294 1387 1409 1415 1427

Testcase 3:

Input:

26
56 3 78 90 4 51 6 12 34 3 33 56 78 3 12 45 98 3 22 56 3 78 90 43 11 25

Output:

56 59 137 227 231 282 288 300 334 337 370 426 504 507 519 564 662 665 687 743 746 824 914 957 968 993

Testcase 4:

Input:

49
1125 1173 1251 1334 2112 5126 3378 5651 6722 1903 4456 7457 1125 1173 1251 1334 2112 5126 3378 5651 6722 2112 5144 3443 9722 1173 1251 1334 5126 3378 5651 6722 1903 4456 7457 1125 1173 1251 2112 5126 3378 5651 6722 1903 4456 5111 2112 4445 1227

Output:

1125 2298 3549 4883 6995 12121 15499 21150 27872 29775 34231 41688 42813 43986 45237 46571 48683 53809 57187 62838 69560 71672 76816 80259 89981 91154 92405 93739 98865 102243 107894 114616 116519 120975 128432 129557 130730 131981 134093 139219 142597 148248 154970 156873 161329 166440 168552 172997 174224

Testcase 5:

Input:

35
67 11 73 67 34 56 78 67 22 43 54 66 87 67 23 67 11 73 67 34 56 78 67 22 43 54 45 68 11 73 67 34 56 78 67

Output:

67 78 151 218 252 308 386 453 475 518 572 638 725 792 815 882 893 966 1033 1067 1123 1201 1268 1290 1333 1387 1432 1500 1511 1584 1651 1685 1741 1819 1886
